YEAR	GRANT	INSTITUTE	APPLICATIONS	FUNDED	RATE	FUNDING
2007	F05	NIDA	1	0	0.0	0
2007	F05	NINDS	6	2	33.3	110164
2007	F05	Total	7	2	28.6	110164
2007	F30	NIAAA	4	4	100.0	143557
2007	F30	NIA	44	20	45.5	671564
2007	F30	NIDA	9	4	44.4	137078
2007	F30	NIDCD	12	8	66.7	291473
2007	F30	NIDCR	7	5	71.4	186299
2007	F30	NIEHS	16	12	75.0	425713
2007	F30	NIMH	15	8	53.3	270207
2007	F30	NINDS	73	20	27.4	692595
2007	F30	Total	180	81	45.0	2818486
2007	F31	NIAAA	51	33	64.7	1009427
2007	F31	NIA	64	26	40.6	839251
2007	F31	NIAID	81	8	9.9	311516
2007	F31	NIAMS	8	4	50.0	129545
2007	F31	NCCAM	14	9	64.3	342049
2007	F31	NCI	60	34	56.7	1084681
2007	F31	NIDA	133	66	49.6	2151526
2007	F31	NIDCD	96	37	38.5	1153958
2007	F31	NIDCR	4	2	50.0	69502
2007	F31	NIDDK	22	10	45.5	277990
2007	F31	NIBIB	102	19	18.6	649209
2007	F31	NIEHS	5	2	40.0	70534
2007	F31	NEI	4	3	75.0	85783
2007	F31	NIGMS	113	48	42.5	1617161
2007	F31	NICHD	31	9	29.0	257871
2007	F31	NHGRI	1	0	0.0	0
2007	F31	NHLBI	34	20	58.8	674259
2007	F31	NIMH	299	90	30.1	2942392
2007	F31	NINR	90	38	42.2	1266676
2007	F31	NINDS	398	93	23.4	3080852
2007	F31	OD Other	1	1	100.0	60801
2007	F31	Total	1611	552	34.3	18074983
2007	F32	NIAAA	21	10	47.6	473423
2007	F32	NIA	76	16	21.1	825175
2007	F32	NIAID	316	44	13.9	2163099
2007	F32	NIAMS	55	20	36.4	992055
2007	F32	NCCAM	6	0	0.0	0
2007	F32	NCI	316	54	17.1	2676894
2007	F32	NIDA	48	18	37.5	880284
2007	F32	NIDCD	51	21	41.2	1025389
2007	F32	NIDCR	10	6	60.0	313003
2007	F32	NIDDK	165	63	38.2	3248577
2007	F32	NIBIB	28	3	10.7	135418
2007	F32	NIEHS	27	9	33.3	381808
2007	F32	NEI	69	16	23.2	775271
2007	F32	NIGMS	495	186	37.6	8670278
2007	F32	NICHD	129	21	16.3	1025162
2007	F32	NHGRI	5	1	20.0	46826
2007	F32	NHLBI	191	58	30.4	3011713
2007	F32	NIMH	156	31	19.9	1516918
2007	F32	NINR	4	3	75.0	151423
2007	F32	NINDS	246	45	18.3	2147251
2007	F32	NCRR	2	1	50.0	62725
2007	F32	Total	2416	626	25.9	30522692
2007	F33	NIA	1	1	100.0	56708
2007	F33	NIAID	4	2	50.0	87349
2007	F33	NIAMS	1	1	100.0	67936
2007	F33	NCCAM	1	0	0.0	0
2007	F33	NCI	4	1	25.0	58886
2007	F33	NIDCD	2	2	100.0	111784
2007	F33	NIBIB	1	0	0.0	0
2007	F33	NIEHS	1	0	0.0	0
2007	F33	NIGMS	2	2	100.0	96507
2007	F33	NICHD	4	4	100.0	197109
2007	F33	NINDS	4	0	0.0	0
2007	F33	Total	25	13	52.0	676279
2007	F37	NLM	4	3	75.0	146895
2007	F37	Total	4	3	75.0	146895
2008	F05	NIA	1	0	0.0	0
2008	F05	NIDA	1	0	0.0	0
2008	F05	NICHD	2	0	0.0	0
2008	F05	NINDS	1	0	0.0	0
2008	F05	Total	5	0	0.0	0
2008	F30	NIAAA	5	4	80.0	130136
2008	F30	NIA	36	11	30.6	363842
2008	F30	NIDA	14	5	35.7	213252
2008	F30	NIDCD	7	1	14.3	45972
2008	F30	NIDCR	6	4	66.7	171040
2008	F30	NIDDK	34	28	82.4	948747
2008	F30	NIEHS	10	5	50.0	171014
2008	F30	NHLBI	28	20	71.4	641047
2008	F30	NIMH	20	9	45.0	318246
2008	F30	NINDS	86	27	31.4	961634
2008	F30	Total	246	114	46.3	3964930
2008	F31	NIAAA	51	25	49.0	835428
2008	F31	NIA	118	34	28.8	1161199
2008	F31	NIAID	86	23	26.7	791664
2008	F31	NIAMS	13	7	53.8	225571
2008	F31	NCCAM	10	7	70.0	252790
2008	F31	NCI	52	24	46.2	851366
2008	F31	NIDA	96	40	41.7	1273136
2008	F31	NIDCD	72	27	37.5	863026
2008	F31	NIDCR	5	4	80.0	114480
2008	F31	NIDDK	23	17	73.9	534995
2008	F31	NIBIB	38	5	13.2	198460
2008	F31	NIEHS	10	4	40.0	117015
2008	F31	NEI	6	5	83.3	187988
2008	F31	NIGMS	88	42	47.7	1405541
2008	F31	NICHD	29	11	37.9	351462
2008	F31	NHGRI	3	1	33.3	40972
2008	F31	NHLBI	37	27	73.0	865569
2008	F31	NIMH	307	88	28.7	2936674
2008	F31	NINR	66	27	40.9	936665
2008	F31	NINDS	390	100	25.6	3183591
2008	F31	Total	1500	518	34.5	17127592
2008	F32	NIAAA	21	11	52.4	531632
2008	F32	NIA	75	9	12.0	446874
2008	F32	NIAID	271	56	20.7	2735118
2008	F32	NIAMS	65	27	41.5	1372328
2008	F32	NCCAM	9	4	44.4	204220
2008	F32	NCI	270	63	23.3	3100194
2008	F32	NIDA	56	24	42.9	1187056
2008	F32	NIDCD	45	21	46.7	1034084
2008	F32	NIDCR	14	8	57.1	390470
2008	F32	NIDDK	150	72	48.0	3634989
2008	F32	NIBIB	13	3	23.1	139338
2008	F32	NIEHS	19	2	10.5	99667
2008	F32	NEI	65	18	27.7	871392
2008	F32	NIGMS	450	157	34.9	7375027
2008	F32	NICHD	117	21	17.9	1038979
2008	F32	NHGRI	9	3	33.3	141318
2008	F32	NHLBI	170	63	37.1	3264809
2008	F32	NIMH	129	33	25.6	1592750
2008	F32	NINR	3	0	0.0	0
2008	F32	NINDS	198	45	22.7	2197058
2008	F32	NCRR	1	0	0.0	0
2008	F32	Total	2150	640	29.8	31357303
2008	F33	NIAMS	1	0	0.0	0
2008	F33	NCI	4	1	25.0	28399
2008	F33	NIDCD	2	0	0.0	0
2008	F33	NIDCR	2	1	50.0	59686
2008	F33	NIEHS	1	0	0.0	0
2008	F33	NEI	1	1	100.0	58886
2008	F33	NIGMS	4	4	100.0	223113
2008	F33	NHLBI	1	1	100.0	58886
2008	F33	NINDS	2	1	50.0	53271
2008	F33	Total	18	9	50.0	482241
2008	F37	NLM	1	0	0.0	0
2008	F37	Total	1	0	0.0	0
2009	F05	NIA	2	1	50.0	57194
2009	F05	NICHD	4	0	0.0	0
2009	F05	NINDS	3	1	33.3	54554
2009	F05	Total	9	2	22.2	111748
2009	F30	NIAAA	1	1	100.0	30388
2009	F30	NIA	39	16	41.0	660070
2009	F30	NIDA	17	7	41.2	228245
2009	F30	NIDCD	14	8	57.1	297041
2009	F30	NIDCR	10	5	50.0	214715
2009	F30	NIDDK	38	27	71.1	1015782
2009	F30	NIEHS	10	4	40.0	131791
2009	F30	NHLBI	65	45	69.2	1543001
2009	F30	NIMH	24	13	54.2	499478
2009	F30	NINDS	82	21	25.6	711466
2009	F30	Total	300	147	49.0	5331977
2009	F31	NIAAA	50	30	60.0	970834
2009	F31	NIA	146	30	20.5	1031908
2009	F31	NIAID	82	21	25.6	730331
2009	F31	NIAMS	14	7	50.0	260631
2009	F31	NCCAM	22	5	22.7	181628
2009	F31	NCI	64	29	45.3	1000758
2009	F31	NIDA	107	33	30.8	1075123
2009	F31	NIDCD	79	34	43.0	1140029
2009	F31	NIDCR	29	16	55.2	523717
2009	F31	NIDDK	23	16	69.6	524237
2009	F31	NIBIB	11	3	27.3	109063
2009	F31	NIEHS	8	3	37.5	95703
2009	F31	NEI	12	8	66.7	280609
2009	F31	NIGMS	57	29	50.9	952905
2009	F31	NICHD	24	8	33.3	281795
2009	F31	NHGRI	3	2	66.7	70852
2009	F31	NHLBI	30	19	63.3	670769
2009	F31	NIMH	238	79	33.2	2611935
2009	F31	NINR	67	32	47.8	1128417
2009	F31	NINDS	311	95	30.5	3142150
2009	F31	Total	1377	499	36.2	16783394
2009	F32	NIAAA	14	9	64.3	404881
2009	F32	NIA	86	11	12.8	545050
2009	F32	NIAID	238	29	12.2	1393512
2009	F32	NIAMS	57	18	31.6	942529
2009	F32	NCCAM	8	2	25.0	121193
2009	F32	NCI	238	48	20.2	2381113
2009	F32	NIDA	47	18	38.3	886140
2009	F32	NIDCD	36	13	36.1	666968
2009	F32	NIDCR	10	5	50.0	250413
2009	F32	NIDDK	119	45	37.8	2322511
2009	F32	NIBIB	25	4	16.0	189308
2009	F32	NIEHS	22	6	27.3	300900
2009	F32	NEI	70	25	35.7	1225838
2009	F32	NIGMS	431	140	32.5	6626835
2009	F32	NICHD	138	26	18.8	1311338
2009	F32	NHGRI	14	5	35.7	230074
2009	F32	NHLBI	173	58	33.5	3027790
2009	F32	NIMH	123	32	26.0	1589874
2009	F32	NINR	3	2	66.7	92428
2009	F32	NINDS	173	41	23.7	2055895
2009	F32	NCRR	1	0	0.0	0
2009	F32	Total	2026	537	26.5	26564590
2009	F33	NIA	1	0	0.0	0
2009	F33	NIAID	3	0	0.0	0
2009	F33	NCI	2	2	100.0	107585
2009	F33	NIDCR	2	2	100.0	70235
2009	F33	NIGMS	2	2	100.0	89103
2009	F33	NICHD	2	0	0.0	0
2009	F33	NHLBI	2	1	50.0	58886
2009	F33	Total	14	7	50.0	325809
2009	F37	NLM	2	0	0.0	0
2009	F37	Total	2	0	0.0	0
2010	F30	NIAAA	7	6	85.7	198315
2010	F30	NIA	36	11	30.6	445154
2010	F30	NIDA	15	6	40.0	210782
2010	F30	NIDCD	7	3	42.9	98738
2010	F30	NIDCR	6	6	100.0	253390
2010	F30	NIDDK	42	28	66.7	982383
2010	F30	NIEHS	14	9	64.3	318160
2010	F30	NHLBI	80	24	30.0	799759
2010	F30	NIMH	23	10	43.5	356518
2010	F30	NINDS	100	29	29.0	1066306
2010	F30	Total	330	132	40.0	4729505
2010	F31	NIAAA	68	32	47.1	1079544
2010	F31	NIA	156	32	20.5	1127453
2010	F31	NIAID	57	12	21.1	437757
2010	F31	NIAMS	7	1	14.3	32928
2010	F31	NCCAM	25	8	32.0	313546
2010	F31	NCI	72	28	38.9	956309
2010	F31	NIDA	136	46	33.8	1559248
2010	F31	NIDCD	104	36	34.6	1158209
2010	F31	NIDCR	30	17	56.7	664268
2010	F31	NIDDK	24	12	50.0	401646
2010	F31	NIBIB	3	1	33.3	31802
2010	F31	NIEHS	9	5	55.6	158286
2010	F31	NEI	15	9	60.0	317181
2010	F31	NIGMS	64	19	29.7	663073
2010	F31	NICHD	37	16	43.2	530276
2010	F31	NHGRI	2	1	50.0	32107
2010	F31	NHLBI	30	12	40.0	413201
2010	F31	NIMH	302	77	25.5	2576185
2010	F31	NINR	84	33	39.3	1151966
2010	F31	NINDS	336	83	24.7	2784150
2010	F31	Total	1561	480	30.7	16389135
2010	F32	NIAAA	20	10	50.0	508790
2010	F32	NIA	90	15	16.7	731382
2010	F32	NIAID	259	49	18.9	2397755
2010	F32	NIAMS	59	23	39.0	1158794
2010	F32	NCCAM	8	1	12.5	70810
2010	F32	NCI	276	61	22.1	3068334
2010	F32	NIDA	58	22	37.9	1099467
2010	F32	NIDCD	48	19	39.6	959541
2010	F32	NIDCR	17	5	29.4	263787
2010	F32	NIDDK	174	59	33.9	3045183
2010	F32	NIBIB	30	11	36.7	541606
2010	F32	NIEHS	21	10	47.6	504367
2010	F32	NEI	77	18	23.4	879228
2010	F32	NIGMS	492	157	31.9	7554790
2010	F32	NICHD	118	31	26.3	1567128
2010	F32	NHGRI	9	3	33.3	143334
2010	F32	NHLBI	215	64	29.8	3307899
2010	F32	NIMH	152	41	27.0	2037972
2010	F32	NINR	1	1	100.0	54854
2010	F32	NINDS	184	45	24.5	2254998
2010	F32	NCRR	1	1	100.0	47606
2010	F32	Total	2309	646	28.0	32197625
2010	F33	NIAID	2	0	0.0	0
2010	F33	NIAMS	2	1	50.0	59918
2010	F33	NIDCR	1	0	0.0	0
2010	F33	NEI	1	0	0.0	0
2010	F33	NIGMS	5	1	20.0	29701
2010	F33	NICHD	1	0	0.0	0
2010	F33	NHLBI	1	0	0.0	0
2010	F33	NINDS	1	0	0.0	0
2010	F33	Total	14	2	14.3	89619
2011	F05	NIAAA	1	0	0.0	0
2011	F05	NIA	5	0	0.0	0
2011	F05	NIDA	1	0	0.0	0
2011	F05	NIDCD	3	0	0.0	0
2011	F05	NIMH	5	1	20.0	46346
2011	F05	NINDS	7	1	14.3	57210
2011	F05	Total	22	2	9.1	103556
2011	F30	NIAAA	3	1	33.3	33952
2011	F30	NIA	55	20	36.4	791897
2011	F30	NIDA	6	4	66.7	146114
2011	F30	NIDCD	6	2	33.3	61445
2011	F30	NIDCR	18	11	61.1	449460
2011	F30	NIDDK	46	26	56.5	1019737
2011	F30	NIEHS	16	6	37.5	219403
2011	F30	NHLBI	99	20	20.2	774426
2011	F30	NIMH	25	6	24.0	198674
2011	F30	Total	274	96	35.0	3695108
2011	F31	NIAAA	66	37	56.1	1245408
2011	F31	NIA	151	49	32.5	1704184
2011	F31	NIAID	59	16	27.1	565591
2011	F31	NIAMS	6	2	33.3	75371
2011	F31	NCCAM	23	5	21.7	174805
2011	F31	NCI	71	28	39.4	969748
2011	F31	NIDA	111	39	35.1	1369038
2011	F31	NIDCD	59	23	39.0	799257
2011	F31	NIDCR	38	19	50.0	644395
2011	F31	NIDDK	21	10	47.6	343573
2011	F31	NIBIB	6	1	16.7	41800
2011	F31	NIEHS	7	2	28.6	72418
2011	F31	NEI	13	4	30.8	132601
2011	F31	NIGMS	85	34	40.0	1189955
2011	F31	NICHD	35	8	22.9	279985
2011	F31	NHGRI	3	2	66.7	75504
2011	F31	NHLBI	30	11	36.7	384165
2011	F31	NIMH	265	59	22.3	2122101
2011	F31	NINR	82	35	42.7	1240173
2011	F31	NINDS	433	140	32.3	4913113
2011	F31	OD Other	0	0	N/A	13645
2011	F31	Total	1498	487	32.5	18356830
2011	F32	NIAAA	21	12	57.1	601632
2011	F32	NIA	57	12	21.1	623736
2011	F32	NIAID	243	39	16.0	1962811
2011	F32	NIAMS	59	22	37.3	1131556
2011	F32	NCCAM	9	2	22.2	123213
2011	F32	NCI	276	53	19.2	2729749
2011	F32	NIDA	52	17	32.7	838489
2011	F32	NIDCD	38	18	47.4	926572
2011	F32	NIDCR	18	9	50.0	459184
2011	F32	NIDDK	184	80	43.5	4280074
2011	F32	NIBIB	30	6	20.0	291363
2011	F32	NIEHS	21	7	33.3	368796
2011	F32	NEI	66	18	27.3	895024
2011	F32	NIGMS	503	136	27.0	6677591
2011	F32	NICHD	110	29	26.4	1447771
2011	F32	NHGRI	6	1	16.7	46346
2011	F32	NHLBI	234	49	20.9	2600721
2011	F32	NIMH	142	31	21.8	1570939
2011	F32	NINR	6	1	16.7	63182
2011	F32	NINDS	222	61	27.5	3133817
2011	F32	OD Other	0	0	N/A	25000
2011	F32	Total	2297	603	26.3	30797566
2011	F33	NIDCR	1	0	0.0	0
2011	F33	NIGMS	7	2	28.6	108646
2011	F33	NHLBI	3	0	0.0	0
2011	F33	NINDS	1	0	0.0	0
2011	F33	Total	12	2	16.7	108646
2012	F05	NIAAA	1	0	0.0	0 
2012	F05	NICHD	1	1	100.0	63650 
2012	F05	NIEHS	1	0	0.0	0 
2012	F05	NIMH	3	1	33.3	66530 
2012	F05	NINDS	2	0	0.0	0 
2012	F05	Total	8	2	25.0	130180 
2012	F30	NCI	107	34	31.8	1243099 
2012	F30	NHLBI	86	17	19.8	616529 
2012	F30	NIA	25	10	40.0	375277 
2012	F30	NIAAA	7	4	57.1	125512 
2012	F30	NIDA	15	7	46.7	250528 
2012	F30	NIDCD	5	1	20.0	33307 
2012	F30	NIDCR	20	10	50.0	384391 
2012	F30	NIDDK	49	28	57.1	1017509 
2012	F30	NIEHS	7	2	28.6	68606 
2012	F30	NIMH	40	21	52.5	773543 
2012	F30	Total	361	134	37.1	4888301 
2012	F31	NCCAM	17	5	29.4	155560 
2012	F31	NCI	333	95	28.5	3327984 
2012	F31	NEI	13	6	46.2	220488 
2012	F31	NHGRI	2	2	100.0	82718 
2012	F31	NHLBI	37	11	29.7	373630 
2012	F31	NIA	128	40	31.3	1500946 
2012	F31	NIAAA	51	29	56.9	1013788 
2012	F31	NIAID	58	12	20.7	441697 
2012	F31	NIAMS	11	4	36.4	130110 
2012	F31	NIBIB	7	1	14.3	34758 
2012	F31	NICHD	37	9	24.3	301410 
2012	F31	NIDA	115	38	33.0	1365774 
2012	F31	NIDCD	70	29	41.4	1015373 
2012	F31	NIDCR	31	13	41.9	483568 
2012	F31	NIDDK	31	9	29.0	332454 
2012	F31	NIEHS	4	1	25.0	28032 
2012	F31	NIGMS	72	20	27.8	714150 
2012	F31	NIMH	284	61	21.5	2197788 
2012	F31	NINDS	390	95	24.4	3375726 
2012	F31	NINR	78	24	30.8	854161 
2012	F31	OD Other	1	1	100.0	35880 
2012	F31	Total	1770	505	28.5	17985995 
2012	F32	NCCAM	9	4	44.4	249747 
2012	F32	NCI	232	42	18.1	2087900 
2012	F32	NEI	73	24	32.9	1252192 
2012	F32	NHGRI	7	3	42.9	145326 
2012	F32	NHLBI	198	42	21.2	2200948 
2012	F32	NIA	69	14	20.3	723041 
2012	F32	NIAAA	29	15	51.7	760198 
2012	F32	NIAID	240	47	19.6	2432503 
2012	F32	NIAMS	86	19	22.1	1001308 
2012	F32	NIBIB	34	10	29.4	459001 
2012	F32	NICHD	119	25	21.0	1287638 
2012	F32	NIDA	59	16	27.1	806036 
2012	F32	NIDCD	52	13	25.0	673683 
2012	F32	NIDCR	20	7	35.0	397702 
2012	F32	NIDDK	165	60	36.4	3190158 
2012	F32	NIEHS	34	9	26.5	496146 
2012	F32	NIGMS	504	153	30.4	7642911 
2012	F32	NIMH	125	27	21.6	1339307 
2012	F32	NINDS	219	58	26.5	2980964 
2012	F32	NINR	10	2	20.0	102928 
2012	F32	Total	2284	590	25.8	30229637 
2012	F33	NHGRI	1	1	100.0	25910 
2012	F33	NHLBI	2	0	0.0	0 
2012	F33	NIA	2	1	50.0	43970 
2012	F33	NIAID	2	2	100.0	124060 
2012	F33	NIAMS	1	1	100.0	35515 
2012	F33	NIDCR	1	1	100.0	64030 
2012	F33	NIEHS	1	1	100.0	62030 
2012	F33	NIGMS	4	2	50.0	105635 
2012	F33	NINDS	1	0	0.0	0 
2012	F33	Total	15	9	60.0	461150 
2013	F05	NIEHS	1	0	0.0	0
2013	F05	NIMH	1	0	0.0	0
2013	F05	NINDS	1	0	0.0	0
2013	F05	Total	3	0	0.0	0
2013	F30	NCI	110	50	45.5	1927894
2013	F30	NHLBI	81	13	16.0	515261 
2013	F30	NIA	36	15	41.7	599161 
2013	F30	NIAAA	7	5	71.4	187427 
2013	F30	NIDA	11	3	27.3	123165 
2013	F30	NIDCD	4	2	50.0	94464 
2013	F30	NIDCR	18	11	61.1	436142 
2013	F30	NIDDK	44	26	59.1	964531 
2013	F30	NIEHS	5	3	60.0	114854 
2013	F30	NIMH	46	16	34.8	632012 
2013	F30	Total	362	144	39.8	5594911 
2013	F31	NCCAM	4	1	25.0	43232 
2013	F31	NCI	372	118	31.7	4268106 
2013	F31	NEI	14	2	14.3	85138 
2013	F31	NHLBI	42	16	38.1	562188 
2013	F31	NIA	141	28	19.9	1050811 
2013	F31	NIAAA	58	23	39.7	812908 
2013	F31	NIAID	56	18	32.1	653425 
2013	F31	NIAMS	15	7	46.7	255170 
2013	F31	NIBIB	13	0	0.0	0 
2013	F31	NICHD	40	7	17.5	259921 
2013	F31	NIDA	133	40	30.1	1418160 
2013	F31	NIDCD	67	24	35.8	832723 
2013	F31	NIDCR	44	24	54.5	872710 
2013	F31	NIDDK	29	9	31.0	312742 
2013	F31	NIEHS	12	2	16.7	75210 
2013	F31	NIGMS	97	26	26.8	913427 
2013	F31	NIMH	250	57	22.8	2027007 
2013	F31	NINDS	355	105	29.6	3719318 
2013	F31	NINR	65	29	44.6	1073064 
2013	F31	Total	1807	536	29.7	19235260 
2013	F32	NCCAM	7	2	28.6	135060 
2013	F32	NCI	265	50	18.9	2516840 
2013	F32	NEI	93	19	20.4	996156 
2013	F32	NHGRI	4	1	25.0	49214 
2013	F32	NHLBI	209	59	28.2	3206739 
2013	F32	NIA	58	10	17.2	517996 
2013	F32	NIAAA	27	13	48.1	655037 
2013	F32	NIAID	246	50	20.3	2587224 
2013	F32	NIAMS	71	19	26.8	1043875 
2013	F32	NIBIB	45	4	8.9	210552 
2013	F32	NICHD	128	22	17.2	1073520 
2013	F32	NIDA	57	21	36.8	1100494 
2013	F32	NIDCD	46	22	47.8	1130474 
2013	F32	NIDCR	18	8	44.4	440292 
2013	F32	NIDDK	176	49	27.8	2627518 
2013	F32	NIEHS	28	6	21.4	354330 
2013	F32	NIGMS	473	117	24.7	5875926 
2013	F32	NIMH	138	24	17.4	1243804 
2013	F32	NINDS	205	56	27.3	2885673 
2013	F32	NINR	3	3	100.0	153342 
2013	F32	OD Other	0	0	N/A	37968 
2013	F32	Total	2297	555	24.2	28842034 
2013	F33	NCI	2	0	0.0	0 
2013	F33	NIAMS	1	1	100.0	51022 
2013	F33	NIGMS	1	1	100.0	40620 
2013	F33	NINDS	1	0	0.0	0 
2013	F33	Total	5	2	40.0	91642 
2014	F30	NCI	93	40	43.0	1533961 
2014	F30	NHGRI	1	1	100.0	35110 
2014	F30	NHLBI	68	22	32.4	876399 
2014	F30	NIA	23	7	30.4	245529 
2014	F30	NIAAA	4	2	50.0	76928 
2014	F30	NIAID	75	25	33.3	970727 
2014	F30	NIAMS	24	6	25.0	229411
2014	F30	NICHD	8	2	25.0	68762
2014	F30	NIDA	10	4	40.0	121840
2014	F30	NIDCD	10	8	80.0	303170
2014	F30	NIDCR	12	7	58.3	309856
2014	F30	NIDDK	45	22	48.9	794858
2014	F30	NIEHS	8	1	12.5	47612 
2014	F30	NIMH	38	14	36.8	493541 
2014	F30	NINDS	6	5	83.3	203217 
2014	F30	Total	425	166	39.1	6310921 
2014	F31	NCCAM	3	1	33.3	43270 
2014	F31	NCI	349	109	31.2	3907028 
2014	F31	NEI	8	1	12.5	34394 
2014	F31	NHGRI	9	0	0.0	0 
2014	F31	NHLBI	48	17	35.4	613743 
2014	F31	NIA	120	25	20.8	922507 
2014	F31	NIAAA	63	28	44.4	1040953 
2014	F31	NIAID	67	25	37.3	859694 
2014	F31	NIAMS	62	6	9.7	206797 
2014	F31	NIBIB	47	13	27.7	481792 
2014	F31	NICHD	80	16	20.0	578294 
2014	F31	NIDA	109	35	32.1	1324079 
2014	F31	NIDCD	77	21	27.3	761331 
2014	F31	NIDCR	33	14	42.4	540366 
2014	F31	NIDDK	51	15	29.4	490924 
2014	F31	NIEHS	4	2	50.0	73230 
2014	F31	NIGMS	80	24	30.0	834660 
2014	F31	NIMH	233	54	23.2	1922921 
2014	F31	NINDS	370	96	25.9	3581999 
2014	F31	NINR	73	29	39.7	1105942 
2014	F31	Total	1886	531	28.2	19323924 
2014	F32	NCCAM	5	1	20.0	57782 
2014	F32	NCI	238	47	19.7	2483392 
2014	F32	NEI	71	22	31.0	1169540 
2014	F32	NHGRI	3	1	33.3	51530 
2014	F32	NHLBI	201	60	29.9	3427033 
2014	F32	NIA	63	22	34.9	1196556 
2014	F32	NIAAA	31	10	32.3	526394 
2014	F32	NIAID	224	48	21.4	2546404 
2014	F32	NIAMS	71	12	16.9	707432 
2014	F32	NIBIB	34	3	8.8	162006 
2014	F32	NICHD	135	23	17.0	1223244 
2014	F32	NIDA	63	19	30.2	1006831 
2014	F32	NIDCD	53	22	41.5	1137815 
2014	F32	NIDCR	14	9	64.3	519191 
2014	F32	NIDDK	186	73	39.2	4118351 
2014	F32	NIEHS	25	9	36.0	489006 
2014	F32	NIGMS	412	126	30.6	6557053 
2014	F32	NIMH	127	30	23.6	1597154 
2014	F32	NINDS	188	54	28.7	2817036 
2014	F32	NINR	1	0	0.0	0 
2014	F32	Total	2145	591	27.6	31793750 
2014	F33	NHLBI	2	0	0.0	0 
2014	F33	NIDCR	1	1	100.0	63922 
2014	F33	NIGMS	5	1	20.0	40092 
2014	F33	Total	8	2	25.0	104014 
2015	F30	NCI	129	48	37.2	1837203
2015	F30	NEI	17	5	29.4	235600
2015	F30	NHGRI	2	0	0.0	0
2015	F30	NHLBI	57	22	38.6	826191
2015	F30	NIA	17	5	29.4	212124
2015	F30	NIAAA	7	5	71.4	167240
2015	F30	NIAID	68	15	22.1	547217
2015	F30	NIAMS	24	5	20.8	205359
2015	F30	NIBIB	3	1	33.3	33842
2015	F30	NICHD	20	9	45.0	380277
2015	F30	NIDA	14	5	35.7	186898
2015	F30	NIDCD	9	3	33.3	125724
2015	F30	NIDCR	12	9	75.0	385075
2015	F30	NIDDK	52	29	55.8	1150822
2015	F30	NIEHS	8	3	37.5	117626
2015	F30	NIGMS	19	4	21.1	155476
2015	F30	NIMH	33	12	36.4	439841
2015	F30	NINDS	78	19	24.4	721228
2015	F30	OD ORIP-SEPA	1	1	100.0	33962
2015	F30	Total	570	200	35.1	7761705
2015	F31	NCCIH	4	1	25.0	42084
2015	F31	NCI	336	97	28.9	3497746
2015	F31	NEI	50	13	26.0	509145
2015	F31	NHGRI	12	2	16.7	73372
2015	F31	NHLBI	141	60	42.6	2051425
2015	F31	NIA	94	18	19.1	646062
2015	F31	NIAAA	75	34	45.3	1237053
2015	F31	NIAID	195	36	18.5	1308376
2015	F31	NIAMS	81	13	16.0	486791
2015	F31	NIBIB	33	3	9.1	113014
2015	F31	NICHD	132	18	13.6	675118
2015	F31	NIDA	124	29	23.4	1037799
2015	F31	NIDCD	83	31	37.3	1189208
2015	F31	NIDCR	30	15	50.0	546033
2015	F31	NIDDK	137	45	32.8	1660371
2015	F31	NIEHS	37	9	24.3	343983
2015	F31	NIGMS	361	53	14.7	1968462
2015	F31	NIMH	243	48	19.8	1720082
2015	F31	NIMHD	8	2	25.0	73440
2015	F31	NINDS	324	83	25.6	3045574
2015	F31	NINR	66	20	30.3	752357
2015	F31	NLM	1	1	100.0	36613
2015	F31	OD ORIP-SEPA	1	0	0.0	0
2015	F31	Total	2568	631	24.6	23014108
2015	F32	NCCIH	4	2	50.0	115812
2015	F32	NCI	221	43	19.5	2261682
2015	F32	NEI	75	21	28.0	1137981
2015	F32	NHGRI	4	2	50.0	106500
2015	F32	NHLBI	195	63	32.3	3628267
2015	F32	NIA	66	22	33.3	1185399
2015	F32	NIAAA	34	8	23.5	456508
2015	F32	NIAID	223	38	17.0	2050096
2015	F32	NIAMS	67	13	19.4	740367
2015	F32	NIBIB	28	8	28.6	426592
2015	F32	NICHD	112	13	11.6	708015
2015	F32	NIDA	58	14	24.1	749088
2015	F32	NIDCD	63	17	27.0	909268
2015	F32	NIDCR	13	4	30.8	214632
2015	F32	NIDDK	163	47	28.8	2672454
2015	F32	NIEHS	26	5	19.2	269242
2015	F32	NIGMS	412	132	32.0	6923598
2015	F32	NIMH	131	27	20.6	1452241
2015	F32	NINDS	178	43	24.2	2333174
2015	F32	NINR	4	0	0.0	0
2015	F32	Total	2077	522	25.1	28340916
2015	F33	NCI	1	0	0.0	0
2015	F33	NIAMS	2	0	0.0	0
2015	F33	NIGMS	3	1	33.3	62011
2015	F33	Total	6	1	16.7	62011
2016	F30	NCCIH	2	2	100.0	94152 
2016	F30	NCI	149	62	41.6	2448427 
2016	F30	NEI	20	9	45.0	407865 
2016	F30	NHGRI	1	0	0.0	0 
2016	F30	NHLBI	72	33	45.8	1246036 
2016	F30	NIA	16	10	62.5	400176 
2016	F30	NIAAA	6	6	100.0	225621 
2016	F30	NIAID	83	15	18.1	611620
2016	F30	NIAMS	13	3	23.1	135948
2016	F30	NIBIB	4	0	0.0	0
2016	F30	NICHD	18	5	27.8	191744
2016	F30	NIDA	15	7	46.7	230816
2016	F30	NIDCD	10	5	50.0	217111
2016	F30	NIDCR	7	7	100.0	312952
2016	F30	NIDDK	56	28	50.0	1105167
2016	F30	NIEHS	1	1	100.0	48576
2016	F30	NIGMS	38	6	15.8	235441
2016	F30	NIMH	32	16	50.0	621958
2016	F30	NINDS	77	14	18.2	540212
2016	F30	OD ORIP-SEPA	4	3	75.0	112085
2016	F30	Total	624	232	37.2	9185907
2016	F31	NCCIH	5	4	80.0	138698
2016	F31	NCI	302	86	28.5	3183545
2016	F31	NEI	56	21	37.5	809105
2016	F31	NHGRI	10	3	30.0	82874
2016	F31	NHLBI	181	80	44.2	3015779
2016	F31	NIA	101	27	26.7	1024058
2016	F31	NIAAA	76	30	39.5	1188289
2016	F31	NIAID	251	39	15.5	1509997
2016	F31	NIAMS	83	11	13.3	451629
2016	F31	NIBIB	43	7	16.3	264753
2016	F31	NICHD	152	26	17.1	982986
2016	F31	NIDA	128	36	28.1	1334845
2016	F31	NIDCD	66	28	42.4	1024563
2016	F31	NIDCR	29	15	51.7	580147
2016	F31	NIDDK	152	36	23.7	1285280
2016	F31	NIEHS	53	11	20.8	380188
2016	F31	NIGMS	350	47	13.4	1741226
2016	F31	NIMH	236	36	15.3	1386637
2016	F31	NIMHD	22	2	9.1	71152
2016	F31	NINDS	267	56	21.0	2118815
2016	F31	NINR	53	22	41.5	843093
2016	F31	NLM	4	1	25.0	40790
2016	F31	OD ORIP-SEPA	2	0	0.0	0
2016	F31	Total	2622	624	23.8	23458449
2016	F32	NCCIH	1	1	100.0	78010
2016	F32	NCI	223	43	19.3	2488162
2016	F32	NEI	47	11	23.4	610094
2016	F32	NHGRI	5	1	20.0	54294
2016	F32	NHLBI	178	65	36.5	3828136
2016	F32	NIA	67	16	23.9	906980
2016	F32	NIAAA	29	18	62.1	990059
2016	F32	NIAID	223	37	16.6	2040791
2016	F32	NIAMS	55	10	18.2	566000
2016	F32	NIBIB	33	4	12.1	167084
2016	F32	NICHD	105	28	26.7	1634439
2016	F32	NIDA	56	16	28.6	898652
2016	F32	NIDCD	58	20	34.5	1106255
2016	F32	NIDCR	22	9	40.9	519969
2016	F32	NIDDK	174	58	33.3	3441218
2016	F32	NIEHS	22	5	22.7	285122
2016	F32	NIGMS	411	114	27.7	6314316
2016	F32	NIMH	126	25	19.8	1394794
2016	F32	NINDS	175	34	19.4	1924463
2016	F32	NINR	3	1	33.3	56118
2016	F32	Total	2013	516	25.6	29304956
2016	F33	NCI	2	0	0.0	0
2016	F33	NIA	1	0	0.0	0
2016	F33	NIAMS	1	0	0.0	0
2016	F33	NIGMS	4	0	0.0	0
2016	F33	Total	8	0	0.0	0
2016	F99	NCI	76	36	47.4	1391380
2016	F99	Total	76	36	47.4	1391380
2016	FI2	NIGMS	68	0	0.0	0
2016	FI2	Total	68	0	0.0	0
